Student1 14 12 12 12
Student2 12 12 11 11
Student3 11 12 13 14
Student4 11 14 10 10
Student5 10 14 10 13
Student6 14 11 10 13
Student7 11 12 14 11
Student8 10 11 10 12
Student9 13 11 14 12
Student10 12 10 11 10
Student11 10 11 12 12
Student12 13 13 14 11
Student13 14 10 11 14
Student14 12 13 10 10
Student15 12 14 12 14
Student16 14 13 14 13
Student17 11 11 12 13
Student18 10 10 13 11
Student19 13 12 14 12
Student20 10 11 10 14
Student21 14 14 13 14
Student22 14 11 10 11
Student23 12 12 12 10
Student24 14 11 14 13
Student25 12 10 10 10
Student26 12 12 13 13
Student27 14 12 12 10
Student28 12 10 11 10
Student29 11 13 13 12
Student30 12 12 10 13
Student31 11 14 10 11
Student32 14 11 10 13
Student33 11 10 11 13
Student34 13 10 11 12
Student35 11 14 14 10
Student36 11 10 12 10
Student37 11 13 10 14
Student38 14 12 14 12
Student39 12 14 11 14
Student40 13 12 10 12
Student41 13 12 11 14
Student42 13 13 13 12
Student43 13 14 14 14
Student44 10 14 10 14
Student45 12 11 13 10
Student46 13 11 11 12
Student47 12 11 13 13
Student48 13 11 14 13
Student49 13 13 11 13
Student50 13 10 11 13
Student51 10 12 10 10
Student52 14 12 14 14
Student53 13 13 12 10
Student54 14 10 14 10
Student55 10 10 11 13
Student56 11 12 11 13
Student57 13 12 12 14
Student58 13 10 11 10
Student59 13 14 13 11
Student60 14 10 12 11
Student61 12 10 10 11
Student62 10 14 10 13
Student63 13 14 11 11
Student64 13 12 14 12
Student65 10 12 10 11
Student66 12 12 11 11
Student67 11 13 11 12
Student68 10 10 10 12
Student69 14 13 13 13
Student70 13 12 11 11
Student71 14 13 10 14
Student72 12 13 11 11
Student73 12 10 10 10
Student74 13 13 12 14
Student75 10 13 12 10
Student76 13 14 12 13
Student77 14 10 14 12
Student78 14 10 11 11
Student79 13 10 12 11
Student80 10 13 13 14
Student81 10 12 14 10
Student82 11 11 11 14
Student83 14 12 11 14
Student84 11 10 12 10
Student85 11 10 13 10
Student86 10 14 14 10
Student87 13 11 12 13
Student88 12 13 14 14
Student89 11 10 11 11
Student90 14 10 13 11
Student91 10 12 13 11
Student92 10 11 14 14
Student93 11 11 13 12
Student94 13 10 14 14
Student95 13 13 14 11
Student96 10 10 14 13
Student97 13 13 10 12
Student98 13 13 10 11
Student99 11 11 14 14
Student100 12 13 11 10
Student101 11 12 11 11
Student102 12 10 10 14
Student103 10 13 12 14
Student104 11 13 12 13
Student105 13 13 10 11
Student106 13 11 12 14
Student107 14 13 12 11
Student108 10 11 10 13
Student109 11 14 13 11
Student110 14 11 11 10
Student111 13 11 11 13
Student112 13 10 11 11
Student113 13 14 14 12
Student114 13 13 14 10
Student115 10 14 10 10
Student116 12 12 12 11
Student117 10 11 14 11
Student118 12 11 11 14
Student119 12 11 11 12
Student120 14 12 11 10
Student121 13 14 10 13
Student122 11 10 12 12
Student123 11 10 12 13
Student124 14 13 13 14
Student125 12 10 12 14
Student126 12 11 14 13
Student127 11 14 11 13
Student128 13 10 13 11
Student129 12 14 12 10
Student130 10 11 11 10
Student131 13 13 12 12
Student132 13 10 10 14
Student133 12 12 11 13
Student134 10 13 11 11
Student135 14 11 13 12
Student136 12 13 10 12
Student137 10 13 12 10
Student138 13 12 13 10
Student139 12 14 11 12
Student140 11 13 12 10
Student141 10 12 12 12
Student142 11 13 14 13
Student143 13 12 14 14
Student144 14 14 10 11
Student145 12 14 10 10
Student146 10 11 13 10
Student147 12 13 12 14
Student148 10 14 12 10
Student149 14 13 14 12
Student150 11 10 14 10
Student151 13 13 11 12
Student152 14 13 14 13
Student153 13 10 12 12
Student154 12 11 13 14
Student155 12 11 13 12
Student156 12 11 13 12
Student157 14 12 11 13
Student158 11 11 11 13
Student159 13 10 12 10
Student160 12 11 14 12
Student161 14 13 11 12
Student162 14 10 12 13
Student163 11 10 12 11
Student164 10 14 13 11
Student165 10 12 10 13
Student166 13 14 12 14
Student167 11 11 11 14
Student168 11 10 10 12
Student169 12 11 11 13
Student170 13 13 13 13
Student171 12 14 10 13
Student172 10 10 13 13
Student173 14 14 12 10
Student174 13 12 11 13
Student175 11 13 10 13
Student176 14 14 13 13
Student177 10 11 14 14
Student178 11 10 14 11
Student179 12 10 11 14
Student180 13 12 11 14
Student181 12 14 10 10
Student182 12 13 13 14
Student183 14 10 14 12
Student184 14 14 14 13
Student185 14 14 11 13
Student186 12 12 12 11
Student187 12 12 14 12
Student188 14 13 11 11
Student189 11 11 10 11
Student190 14 10 10 13
Student191 10 10 10 14
Student192 13 13 11 11
Student193 13 14 13 10
Student194 11 14 12 12
Student195 10 11 10 11
Student196 11 11 10 12
Student197 12 11 11 13
Student198 10 12 11 12
Student199 13 14 13 14
Student200 12 12 14 11
Student201 10 12 10 14
Student202 13 11 10 14
Student203 11 14 14 11
Student204 14 14 14 11
Student205 13 14 12 10
Student206 11 14 11 12
Student207 10 10 13 11
Student208 14 13 14 11
Student209 10 11 12 14
Student210 10 13 13 14
Student211 11 10 10 12
Student212 13 13 10 13
Student213 11 14 12 14
Student214 12 11 14 11
Student215 10 12 13 11
Student216 11 10 13 12
Student217 10 13 10 11
Student218 10 10 14 13
Student219 10 14 10 12
Student220 14 11 11 13
Student221 12 12 14 14
Student222 10 10 11 11
Student223 13 10 11 11
Student224 12 13 11 12
Student225 13 11 11 12
Student226 13 14 14 13
Student227 14 13 14 11
Student228 11 12 11 10
Student229 10 12 12 10
Student230 10 12 13 12
Student231 10 13 10 13
Student232 13 11 13 11
Student233 10 12 13 12
Student234 14 10 14 14
Student235 12 13 10 11
Student236 13 11 12 13
Student237 12 12 14 13
Student238 11 11 14 10
Student239 13 12 12 13
Student240 10 14 10 12
Student241 12 10 12 11
Student242 12 12 10 13
Student243 10 13 11 13
Student244 10 10 14 14
Student245 14 14 12 13
Student246 13 10 10 11
Student247 10 13 12 13
Student248 10 11 14 13
Student249 14 14 12 13
Student250 14 14 14 12
Student251 11 11 14 11
Student252 12 13 14 14
Student253 12 14 14 13
Student254 13 14 13 11
Student255 11 13 10 11
Student256 12 10 13 10
Student257 12 12 11 11
Student258 10 12 12 11
Student259 12 13 12 14
Student260 14 11 10 14
Student261 14 12 10 12
Student262 13 14 11 12
Student263 12 11 11 11
Student264 14 11 14 10
Student265 14 13 10 12
Student266 13 10 11 11
Student267 12 10 12 12
Student268 14 11 12 13
Student269 14 12 14 11
Student270 13 12 11 11
Student271 10 11 13 11
Student272 12 13 14 12
Student273 11 12 11 13
Student274 12 13 11 10
Student275 11 11 11 10
Student276 14 14 10 10
Student277 12 10 10 10
Student278 11 10 10 10
Student279 13 14 12 13
Student280 13 10 11 10
Student281 10 11 13 11
Student282 11 12 12 10
Student283 10 12 11 10
Student284 13 12 12 14
Student285 11 12 10 14
Student286 11 13 11 11
Student287 11 14 12 10
Student288 10 14 12 11
Student289 12 12 11 10
Student290 14 12 10 14
Student291 11 13 13 11
Student292 13 13 13 12
Student293 13 10 12 10
Student294 10 12 11 10
Student295 11 11 13 10
Student296 10 13 11 13
Student297 11 13 10 13
Student298 11 13 11 10
Student299 14 13 12 14
Student300 11 12 13 14
Student301 14 11 14 10
Student302 13 13 14 11
Student303 13 13 10 12
Student304 14 12 12 10
Student305 13 13 13 10
Student306 13 13 11 11
Student307 11 10 14 13
Student308 10 13 13 12
Student309 14 13 11 12
Student310 12 12 12 11
Student311 12 12 11 12
Student312 14 14 13 11
Student313 14 13 10 11
Student314 14 12 11 11
Student315 13 12 11 14
Student316 11 10 14 13
Student317 13 10 12 10
Student318 10 10 10 13
Student319 12 13 14 14
Student320 11 13 10 10
Student321 13 11 12 12
Student322 14 12 14 10
Student323 11 10 10 13
Student324 10 10 11 11
Student325 13 10 10 14
Student326 12 10 14 11
Student327 14 12 13 11
Student328 12 13 10 13
Student329 14 10 14 11
Student330 13 13 14 11
Student331 12 10 11 11
Student332 11 14 12 13
Student333 10 14 10 13
Student334 14 14 10 14
Student335 14 14 11 13
Student336 12 10 14 14
Student337 11 14 10 10
Student338 12 10 12 10
Student339 12 13 13 14
Student340 11 13 10 11
Student341 13 13 12 14
Student342 13 11 13 12
Student343 11 14 11 14
Student344 11 13 10 10
Student345 12 10 12 14
Student346 14 13 13 11
Student347 11 12 14 10
Student348 14 12 14 14
Student349 13 13 10 14
Student350 13 10 10 12
Student351 11 11 10 11
Student352 10 10 14 14
Student353 10 14 12 12
Student354 10 11 11 14
Student355 13 13 10 12
Student356 13 14 14 11
Student357 12 12 12 14
Student358 11 14 11 11
Student359 11 12 14 14
Student360 10 11 14 14
Student361 10 14 11 10
Student362 13 10 14 11
Student363 14 11 11 14
Student364 11 14 14 11
Student365 14 10 14 12
Student366 12 14 13 10
Student367 12 13 12 12
Student368 13 13 12 13
Student369 11 11 10 11
Student370 14 11 13 13
Student371 10 11 10 11
Student372 11 14 13 14
Student373 10 10 13 11
Student374 10 10 13 14
Student375 14 10 13 14
Student376 12 13 14 14
Student377 11 13 14 11
Student378 11 10 11 13
Student379 13 14 13 12
Student380 13 14 13 10
Student381 13 12 13 12
Student382 10 10 10 10
Student383 12 12 12 12
Student384 12 11 14 12
Student385 10 14 14 11
Student386 12 11 10 12
Student387 12 14 10 14
Student388 11 10 14 11
Student389 14 14 10 13
Student390 14 14 10 14
Student391 11 10 13 10
Student392 11 10 13 12
Student393 12 11 10 10
Student394 10 11 13 14
Student395 14 13 12 10
Student396 13 10 10 11
Student397 12 14 10 14
Student398 11 11 12 14
Student399 14 14 13 10
Student400 14 11 13 12
Student401 10 10 10 14
Student402 11 14 10 10
Student403 11 10 10 11
Student404 13 12 14 13
Student405 11 12 13 13
Student406 11 14 13 14
Student407 11 14 10 10
Student408 10 11 11 14
Student409 14 10 11 13
Student410 14 14 12 11
Student411 11 11 14 14
Student412 14 11 13 12
Student413 13 13 12 14
Student414 11 13 10 10
Student415 11 14 14 14
Student416 11 13 14 11
Student417 13 10 14 12
Student418 13 11 14 11
Student419 14 12 14 11
Student420 13 11 11 10
Student421 13 12 14 11
Student422 12 11 10 14
Student423 11 10 14 14
Student424 14 14 13 14
Student425 12 11 10 11
Student426 14 10 14 13
Student427 13 13 13 11
Student428 13 14 12 13
Student429 13 10 10 11
Student430 10 13 14 13
Student431 14 12 13 12
Student432 11 10 13 14
Student433 10 12 11 11
Student434 14 14 14 12
Student435 12 10 13 12
Student436 14 11 13 13
Student437 14 14 10 14
Student438 14 13 12 14
Student439 10 13 13 10
Student440 12 10 10 10
Student441 12 14 13 11
Student442 10 11 14 13
Student443 13 13 14 13
Student444 12 12 13 12
Student445 11 14 14 13
Student446 13 13 14 11
Student447 12 11 13 12
Student448 10 13 11 13
Student449 10 11 10 10
Student450 12 11 14 14
Student451 14 11 14 11
Student452 10 12 12 11
Student453 14 12 13 13
Student454 13 13 11 11
Student455 11 13 10 11
Student456 11 14 13 10
Student457 12 14 13 13
Student458 14 12 13 13
Student459 14 12 11 11
Student460 12 12 11 11
Student461 11 13 14 11
Student462 12 12 13 12
Student463 12 13 11 12
Student464 10 12 13 14
Student465 10 13 13 13
Student466 14 14 10 13
Student467 12 10 13 11
Student468 12 11 14 12
Student469 10 13 13 11
Student470 11 13 14 11
Student471 14 10 12 10
Student472 12 12 12 11
Student473 11 14 13 14
Student474 13 14 10 13
Student475 13 13 14 10
Student476 11 10 10 11
Student477 14 13 13 10
Student478 13 11 14 14
Student479 12 10 13 13
Student480 10 13 11 12
Student481 13 10 10 13
Student482 13 14 11 13
Student483 11 11 10 13
Student484 14 13 14 13
Student485 14 10 10 13
Student486 14 13 12 11
Student487 13 11 12 11
Student488 13 13 10 11
Student489 12 14 10 10
Student490 14 14 14 14
Student491 12 14 11 14
Student492 14 13 10 10
Student493 13 14 12 10
Student494 11 12 11 11
Student495 14 13 11 14
Student496 10 11 10 13
Student497 12 11 12 10
Student498 13 11 10 12
Student499 14 10 13 11
Student500 12 11 13 13
Student501 10 10 12 12
Student502 13 13 14 10
Student503 10 12 14 14
Student504 10 10 11 12
Student505 12 11 13 12
Student506 13 13 10 14
Student507 10 14 14 14
Student508 14 13 13 11
Student509 11 14 13 14
Student510 10 10 13 11
Student511 13 11 11 10
Student512 10 10 13 11
Student513 14 13 13 11
Student514 11 13 13 11
Student515 12 13 11 10
Student516 11 11 14 14
Student517 13 10 14 13
Student518 11 11 12 11
Student519 10 14 13 14
Student520 10 10 13 11
Student521 12 11 13 10
Student522 14 10 12 11
Student523 10 12 14 14
Student524 11 14 12 13
Student525 14 11 13 10
Student526 12 14 14 12
Student527 10 12 12 11
Student528 13 13 11 12
Student529 13 11 13 13
Student530 14 11 11 10
Student531 11 14 12 12
Student532 14 13 11 13
Student533 14 12 10 14
Student534 12 10 10 10
Student535 14 14 12 13
Student536 14 11 13 10
Student537 14 10 12 12
Student538 11 13 12 13
Student539 12 10 12 10
Student540 14 14 11 13
Student541 14 12 14 14
Student542 14 12 14 13
Student543 11 14 14 10
Student544 13 13 14 13
Student545 10 10 11 13
Student546 11 14 11 14
Student547 14 10 12 14
Student548 11 13 10 10
Student549 12 10 14 11
Student550 14 11 13 10
Student551 11 10 12 11
Student552 13 13 11 13
Student553 12 11 13 10
Student554 13 11 13 13
Student555 12 13 10 11
Student556 13 14 10 14
Student557 12 11 11 12
Student558 11 12 11 12
Student559 14 11 10 14
Student560 14 11 14 10
Student561 10 12 11 12
Student562 13 13 14 14
Student563 13 10 13 14
Student564 12 12 14 10
Student565 14 11 11 10
Student566 11 11 11 13
Student567 12 13 14 13
Student568 13 10 10 11
Student569 11 12 14 10
Student570 10 14 11 10
Student571 13 12 10 12
Student572 10 12 11 11
Student573 11 11 14 12
Student574 11 11 12 14
Student575 13 10 13 11
Student576 11 10 11 10
Student577 10 14 13 14
Student578 14 12 14 12
Student579 11 11 13 11
Student580 14 12 13 13
Student581 12 10 10 13
Student582 11 10 12 10
Student583 13 13 11 14
Student584 11 14 11 12
Student585 14 11 14 10
Student586 13 13 13 13
Student587 11 10 14 11
Student588 10 13 11 12
Student589 10 13 10 11
Student590 14 10 11 14
Student591 12 12 11 12
Student592 10 10 11 14
Student593 12 14 10 13
Student594 12 13 14 13
Student595 14 11 14 14
Student596 10 13 11 11
Student597 10 10 10 14
Student598 10 11 10 11
Student599 13 13 14 12
Student600 13 13 10 10
Student601 11 10 12 12
Student602 10 10 12 10
Student603 12 11 14 14
Student604 10 13 14 10
Student605 14 13 12 14
Student606 12 14 11 12
Student607 12 14 13 12
Student608 12 12 14 10
Student609 11 10 12 14
Student610 13 10 12 10
Student611 10 10 11 12
Student612 10 14 11 13
Student613 13 13 14 14
Student614 11 12 13 11
Student615 14 13 10 14
Student616 11 10 11 13
Student617 14 12 12 12
Student618 13 14 11 14
Student619 14 12 11 13
Student620 13 14 11 13
Student621 12 14 14 12
Student622 12 13 14 10
Student623 12 13 11 11
Student624 11 11 14 10
Student625 12 12 10 13
Student626 14 13 11 12
Student627 14 12 14 10
Student628 14 11 13 14
Student629 14 11 14 14
Student630 10 14 13 14
Student631 12 14 13 10
Student632 12 10 10 12
Student633 13 10 13 11
Student634 10 11 13 11
Student635 10 12 12 13
Student636 10 12 12 14
Student637 11 13 10 11
Student638 11 11 11 13
Student639 14 11 13 12
Student640 12 11 10 14
Student641 12 11 11 11
Student642 10 12 14 13
Student643 13 14 10 11
Student644 14 12 13 14
Student645 12 11 11 13
Student646 11 12 12 14
Student647 11 14 10 14
Student648 12 10 10 14
Student649 11 11 13 14
Student650 10 10 13 13
Student651 14 12 10 12
Student652 14 11 12 10
Student653 12 11 14 10
Student654 13 12 11 12
Student655 14 13 14 13
Student656 10 14 10 13
Student657 13 10 12 13
Student658 11 14 11 11
Student659 11 13 14 12
Student660 13 13 14 10
Student661 10 13 13 13
Student662 13 11 13 12
Student663 10 13 14 10
Student664 13 11 11 12
Student665 13 14 10 11
Student666 10 13 11 13
Student667 13 13 11 11
Student668 14 14 11 14
Student669 11 10 11 13
Student670 12 12 14 11
Student671 14 14 10 11
Student672 12 11 11 12
Student673 13 11 11 11
Student674 13 12 11 11
Student675 14 11 13 13
Student676 10 13 14 10
Student677 10 10 12 12
Student678 11 13 12 14
Student679 11 11 13 12
Student680 11 14 10 14
Student681 13 12 12 12
Student682 11 13 11 14
Student683 14 10 10 10
Student684 10 11 10 11
Student685 12 11 10 11
Student686 12 10 11 13
Student687 11 11 12 13
Student688 12 13 12 11
Student689 10 14 13 13
Student690 11 10 12 13
Student691 11 11 12 10
Student692 13 11 14 12
Student693 13 12 11 11
Student694 14 11 13 11
Student695 13 11 14 10
Student696 10 11 11 14
Student697 12 13 10 13
Student698 13 12 14 12
Student699 10 12 14 11
Student700 14 14 13 10
Student701 14 13 12 10
Student702 13 12 11 12
Student703 14 10 13 14
Student704 12 14 11 10
Student705 13 13 10 14
Student706 14 14 13 14
Student707 13 12 14 13
Student708 12 12 14 11
Student709 14 11 12 13
Student710 14 13 10 14
Student711 14 10 10 13
Student712 14 10 10 11
Student713 12 12 14 10
Student714 10 11 12 14
Student715 14 13 12 12
Student716 13 11 12 11
Student717 12 14 13 14
Student718 13 11 14 12
Student719 13 11 11 13
Student720 11 11 13 11
Student721 14 10 10 12
Student722 13 14 11 10
Student723 12 10 14 14
Student724 12 12 12 14
Student725 10 11 11 14
Student726 14 13 12 13
Student727 12 12 14 13
Student728 13 11 14 10
Student729 11 13 14 14
Student730 10 14 14 13
Student731 13 10 12 10
Student732 13 12 14 13
Student733 14 13 12 14
Student734 10 11 12 12
Student735 11 10 14 12
Student736 12 10 11 11
Student737 14 13 14 10
Student738 11 14 12 11
Student739 14 13 13 12
Student740 14 13 12 13
Student741 14 11 11 13
Student742 14 13 11 14
Student743 12 14 14 12
Student744 13 10 14 11
Student745 12 14 14 14
Student746 14 10 11 14
Student747 14 14 11 13
Student748 11 10 12 11
Student749 10 14 10 11
Student750 11 11 12 12
Student751 14 13 11 12
Student752 13 11 14 13
Student753 10 11 13 12
Student754 13 10 13 11
Student755 12 13 11 10
Student756 12 10 14 12
Student757 13 11 13 11
Student758 10 14 11 12
Student759 12 13 12 14
Student760 10 10 11 14
Student761 11 11 11 13
Student762 11 11 14 11
Student763 13 14 14 10
Student764 11 11 11 13
Student765 14 12 13 11
Student766 13 11 11 14
Student767 13 10 12 10
Student768 10 11 13 13
Student769 12 11 13 13
Student770 13 14 11 12
Student771 10 13 12 11
Student772 10 14 13 11
Student773 11 14 13 14
Student774 12 12 12 14
Student775 10 12 10 12
Student776 12 10 11 10
Student777 14 11 10 14
Student778 13 10 10 14
Student779 11 12 10 12
Student780 12 14 14 10
Student781 11 13 14 13
Student782 10 12 13 12
Student783 11 10 12 11
Student784 10 13 11 11
Student785 12 11 14 11
Student786 10 13 14 12
Student787 14 13 14 12
Student788 14 14 10 12
Student789 10 14 11 12
Student790 12 14 11 11
Student791 13 11 12 14
Student792 11 11 11 11
Student793 11 11 14 10
Student794 10 10 14 10
Student795 14 12 14 10
Student796 10 11 13 11
Student797 11 11 11 12
Student798 10 12 11 10
Student799 13 11 11 13
Student800 10 11 11 12
Student801 10 11 11 13
Student802 14 12 11 12
Student803 10 14 10 14
Student804 14 14 14 13
Student805 10 11 10 14
Student806 12 11 14 10
Student807 13 14 13 10
Student808 10 14 13 10
Student809 10 10 13 10
Student810 10 13 13 13
Student811 10 13 14 11
Student812 14 10 14 12
Student813 13 13 10 13
Student814 13 12 12 11
Student815 13 14 12 13
Student816 14 11 12 13
Student817 12 11 10 12
Student818 10 13 14 10
Student819 14 13 11 11
Student820 12 13 12 12
Student821 14 10 13 12
Student822 12 10 13 13
Student823 11 12 13 10
Student824 14 14 10 11
Student825 10 11 10 11
Student826 12 11 13 13
Student827 14 14 14 10
Student828 12 11 14 11
Student829 13 12 13 12
Student830 10 11 10 10
Student831 14 12 11 14
Student832 13 12 12 11
Student833 12 11 13 10
Student834 12 10 12 13
Student835 14 10 14 13
Student836 10 11 12 10
Student837 10 13 12 14
Student838 11 11 14 12
Student839 13 14 13 14
Student840 14 13 14 14
Student841 10 11 14 10
Student842 13 13 11 11
Student843 14 11 11 12
Student844 10 14 12 11
Student845 13 14 14 11
Student846 11 13 11 12
Student847 10 14 14 14
Student848 11 12 12 14
Student849 14 12 10 13
Student850 14 13 12 11
Student851 12 12 10 10
Student852 14 14 13 12
Student853 13 14 13 13
Student854 14 11 13 13
Student855 13 11 10 14
Student856 12 12 10 11
Student857 14 10 10 12
Student858 10 13 12 10
Student859 10 10 12 13
Student860 14 13 12 14
Student861 12 10 12 12
Student862 14 11 10 14
Student863 11 10 14 12
Student864 12 11 14 11
Student865 14 13 13 12
Student866 14 14 14 10
Student867 11 13 14 11
Student868 14 11 10 10
Student869 14 12 13 14
Student870 11 11 12 13
Student871 14 12 11 10
Student872 13 12 12 11
Student873 14 11 10 10
Student874 13 10 14 12
Student875 13 14 11 11
Student876 11 10 13 14
Student877 12 10 13 13
Student878 14 11 11 10
Student879 10 14 11 12
Student880 10 11 10 12
Student881 13 11 10 12
Student882 14 13 10 10
Student883 14 10 14 10
Student884 10 14 11 14
Student885 13 14 11 11
Student886 11 13 11 10
Student887 11 11 10 12
Student888 14 14 12 12
Student889 11 14 11 13
Student890 10 11 10 10
Student891 12 11 11 12
Student892 11 14 13 13
Student893 14 11 12 13
Student894 13 12 14 14
Student895 10 13 13 13
Student896 11 14 11 14
Student897 14 10 11 10
Student898 11 11 13 11
Student899 12 10 12 12
Student900 13 10 14 12
Student901 12 14 10 10
Student902 11 11 14 11
Student903 12 11 13 13
Student904 11 11 14 14
Student905 13 13 13 11
Student906 10 11 10 14
Student907 13 11 12 10
Student908 11 12 13 13
Student909 12 10 13 10
Student910 10 10 14 13
Student911 11 11 11 11
Student912 11 12 13 10
Student913 10 13 13 12
Student914 13 13 10 12
Student915 10 11 12 12
Student916 12 10 10 10
Student917 14 13 14 14
Student918 14 10 10 14
Student919 13 13 12 14
Student920 12 13 12 12
Student921 12 12 11 14
Student922 12 13 14 11
Student923 13 12 11 10
Student924 14 12 12 13
Student925 12 13 10 10
Student926 11 13 13 12
Student927 12 14 11 13
Student928 10 14 13 11
Student929 11 12 10 14
Student930 11 14 10 13
Student931 13 11 13 12
Student932 12 14 12 12
Student933 11 11 13 10
Student934 13 10 11 14
Student935 14 13 12 13
Student936 12 12 13 14
Student937 13 10 11 14
Student938 13 10 13 13
Student939 11 13 14 13
Student940 12 10 12 14
Student941 11 12 13 13
Student942 11 13 12 13
Student943 12 10 10 11
Student944 12 11 13 12
Student945 10 12 11 13
Student946 10 13 12 14
Student947 14 10 10 14
Student948 13 12 13 13
Student949 13 10 12 12
Student950 12 14 10 10
Student951 13 10 13 11
Student952 11 12 14 12
Student953 14 12 13 10
Student954 12 11 12 10
Student955 11 13 12 10
Student956 14 11 11 12
Student957 14 10 10 13
Student958 13 12 13 10
Student959 10 11 11 14
Student960 13 14 14 10
Student961 14 14 14 12
Student962 11 10 10 10
Student963 14 12 14 12
Student964 11 14 13 11
Student965 14 13 11 10
Student966 10 14 14 12
Student967 14 10 12 12
Student968 13 11 11 14
Student969 14 14 11 10
Student970 11 12 14 10
Student971 12 10 10 12
Student972 11 13 10 14
Student973 12 10 10 11
Student974 11 13 14 12
Student975 11 11 12 14
Student976 11 11 10 14
Student977 14 11 14 11
Student978 11 11 10 11
Student979 11 13 13 12
Student980 10 10 13 12
Student981 10 11 10 11
Student982 11 14 11 11
Student983 13 13 11 10
Student984 11 14 14 14
Student985 12 12 14 11
Student986 13 13 11 13
Student987 13 14 10 12
Student988 12 14 11 13
Student989 11 14 12 11
Student990 10 13 14 13
Student991 10 11 11 11
Student992 14 14 11 12
Student993 12 13 13 14
Student994 10 10 11 12
Student995 11 10 11 13
Student996 11 13 12 10
Student997 12 13 12 10
Student998 14 14 14 11
Student999 12 11 11 11
Student1000 13 13 10 11
